,Date,Checking,Credit: Curr Stmt Bal,Credit: Prev Stmt Bal,Dad: Principal Balance,Dad: Interest,Student Loans: Principal Balance,Student Loans: Interest,Marginal Interest,Net Gain,Net Loss,Net Worth,Loan Total,CC Debt Total,Liquid Total,Memo Directives,Memo
0,20241018,2479.42,0.0,12609.79,15900.0,0.0,15000.0,100.0,0.0,0.0,0.0,-41130.37,31000.0,12609.79,2479.42,,
1,20241019,2479.42,20.0,12609.79,15900.0,0.0,15000.0,102.46,2.46,0.0,22.46,-41152.83,31002.46,12629.79,2479.42,,food (Credit -$20.00)
2,20241020,2479.42,135.0,12609.79,15900.0,0.0,15000.0,104.92,2.46,0.0,117.46,-41270.29,31004.92,12744.79,2479.42,,car insurance (Credit -$95.00); food (Credit -$20.00)
3,20241021,2479.42,155.0,12609.79,15900.0,0.0,15000.0,107.38,2.46,0.0,22.46,-41292.75,31007.38,12764.79,2479.42,,food (Credit -$20.00)
4,20241022,2479.42,255.0,12609.79,15900.0,0.0,15000.0,109.84,2.46,0.0,102.46,-41395.21000000001,31009.84,12864.79,2479.42,,gas (Credit -$80.00); food (Credit -$20.00)
5,20241023,2479.42,275.0,12609.79,15900.0,0.0,15000.0,112.3,2.46,0.0,22.46,-41417.67,31012.3,12884.79,2479.42,,food (Credit -$20.00)
6,20241024,2479.42,295.0,12609.79,15900.0,0.0,15000.0,114.76,2.46,0.0,22.46,-41440.130000000005,31014.76,12904.79,2479.42,,food (Credit -$20.00)
7,20241025,4079.42,315.0,12609.79,15900.0,0.0,15000.0,117.22,2.46,1577.54,0.0,-39862.590000000004,31017.22,12924.79,4079.42,,EMT income (Checking +$1600.00); food (Credit -$20.00)
8,20241026,4079.42,335.0,12609.79,15900.0,0.0,15000.0,119.68,2.46,0.0,22.46,-39885.05,31019.68,12944.79,4079.42,,food (Credit -$20.00)
9,20241027,4079.42,355.0,12609.79,15900.0,0.0,15000.0,122.14,2.46,0.0,22.46,-39907.51,31022.14,12964.79,4079.42,,food (Credit -$20.00)
10,20241028,4079.42,375.0,12609.79,15900.0,0.0,15000.0,124.6,2.46,0.0,22.46,-39929.97,31024.6,12984.79,4079.42,,food (Credit -$20.00)
11,20241029,4079.42,395.0,12609.79,15900.0,0.0,15000.0,127.06,2.46,0.0,22.46,-39952.43000000001,31027.06,13004.79,4079.42,,food (Credit -$20.00)
12,20241030,4079.42,415.0,12609.79,15900.0,0.0,15000.0,129.52,2.46,0.0,22.46,-39974.89,31029.52,13024.79,4079.42,,food (Credit -$20.00)
13,20241031,4079.42,435.0,12609.79,15900.0,0.0,15000.0,131.98,2.46,0.0,22.46,-39997.350000000006,31031.98,13044.79,4079.42,,food (Credit -$20.00)
14,20241101,3579.42,555.0,12609.79,15400.0,0.0,15000.0,134.44,2.46,0.0,122.46,-40119.81,30534.44,13164.79,3579.42, LOAN MIN PAYMENT (Dad: Principal Balance -$500.00);  LOAN MIN PAYMENT (Checking -$500.00); ,storage unit rent (Credit -$100.00); food (Credit -$20.00)
15,20241102,3579.42,665.0,12609.79,15400.0,0.0,15000.0,136.9,2.46,0.0,112.46000000000001,-40232.270000000004,30536.9,13274.79,3579.42,,parking (Credit -$50.00); hulu (Credit -$20.00); ai daddy (Credit -$20.00); food (Credit -$20.00)
16,20241103,3356.23,685.0,12609.79,15400.0,0.0,14916.17,0.0,2.46,0.0,22.46,-40254.73,30316.17,13294.79,3356.23, LOAN MIN PAYMENT (Student Loans: Interest -$139.36);  LOAN MIN PAYMENT (Student Loans: Principal Balance -$83.83);  LOAN MIN PAYMENT (Checking -$223.19); ,food (Credit -$20.00)
17,20241104,3356.23,705.0,12609.79,15400.0,0.0,14916.17,2.45,2.45,0.0,22.45,-40277.18000000001,30318.62,13314.79,3356.23,,food (Credit -$20.00)
18,20241105,430.73,805.0,9684.29,15400.0,0.0,14916.17,4.9,2.45,0.0,102.45,-40379.630000000005,30321.07,10489.29,430.73,ADDTL CC PAYMENT (Checking -$2925.50); ADDTL CC PAYMENT (Credit: Prev Stmt Bal -$2925.50),gas (Credit -$80.00); food (Credit -$20.00)
19,20241106,430.73,825.0,9684.29,15400.0,0.0,14916.17,7.35,2.45,0.0,22.45,-40402.08,30323.519999999997,10509.29,430.73,,food (Credit -$20.00)
20,20241107,430.73,0,10833.92,15400.0,0.0,14916.17,9.8,307.08,0.0,327.08,-40729.16,30325.969999999998,10833.92,430.73,CC INTEREST (Credit: Prev Stmt Bal +$304.63); CC MIN PAYMENT ALREADY MADE (Credit: Prev Stmt Bal -$0.00); CC MIN PAYMENT ALREADY MADE (Checking -$0.00),food (Credit -$20.00)
21,20241108,2030.73,20.0,10833.92,15400.0,0.0,14916.17,12.25,2.45,1577.55,0.0,-39151.61,30328.42,10853.92,2030.73,,EMT income (Checking +$1600.00); food (Credit -$20.00)
22,20241109,2030.73,40.0,10833.92,15400.0,0.0,14916.17,14.7,2.45,0.0,22.45,-39174.060000000005,30330.87,10873.92,2030.73,,food (Credit -$20.00)
23,20241110,2030.73,60.0,10833.92,15400.0,0.0,14916.17,17.15,2.45,0.0,22.45,-39196.51,30333.32,10893.92,2030.73,,food (Credit -$20.00)
24,20241111,2030.73,80.0,10833.92,15400.0,0.0,14916.17,19.6,2.45,0.0,22.45,-39218.96,30335.769999999997,10913.92,2030.73,,food (Credit -$20.00)
25,20241112,2030.73,100.0,10833.92,15400.0,0.0,14916.17,22.05,2.45,0.0,22.45,-39241.41,30338.219999999998,10933.92,2030.73,,food (Credit -$20.00)
26,20241113,2030.73,120.0,10833.92,15400.0,0.0,14916.17,24.5,2.45,0.0,22.45,-39263.86,30340.67,10953.92,2030.73,,food (Credit -$20.00)
27,20241114,2030.73,140.0,10833.92,15400.0,0.0,14916.17,26.95,2.45,0.0,22.45,-39286.310000000005,30343.12,10973.92,2030.73,,food (Credit -$20.00)
28,20241115,2030.73,160.0,10833.92,15400.0,0.0,14916.17,29.4,2.45,0.0,22.45,-39308.76,30345.57,10993.92,2030.73,,food (Credit -$20.00)
29,20241116,2030.73,180.0,10833.92,15400.0,0.0,14916.17,31.85,2.45,0.0,22.45,-39331.21,30348.019999999997,11013.92,2030.73,,food (Credit -$20.00)
30,20241117,2030.73,200.0,10833.92,15400.0,0.0,14916.17,34.3,2.45,0.0,22.45,-39353.66,30350.469999999998,11033.92,2030.73,,food (Credit -$20.00)
31,20241118,2030.73,470.0,10833.92,15400.0,0.0,14916.17,36.75,2.45,0.0,272.45,-39626.11,30352.92,11303.92,2030.73,,phone (Credit -$250.00); food (Credit -$20.00)
32,20241119,2030.73,570.0,10833.92,15400.0,0.0,14916.17,39.2,2.45,0.0,102.45,-39728.560000000005,30355.37,11403.92,2030.73,,gas (Credit -$80.00); food (Credit -$20.00)
33,20241120,2030.73,685.0,10833.92,15400.0,0.0,14916.17,41.65,2.45,0.0,117.45,-39846.01,30357.82,11518.92,2030.73,,car insurance (Credit -$95.00); food (Credit -$20.00)
34,20241121,2030.73,705.0,10833.92,15400.0,0.0,14916.17,44.1,2.45,0.0,22.45,-39868.46,30360.269999999997,11538.92,2030.73,,food (Credit -$20.00)
35,20241122,3630.73,725.0,10833.92,15400.0,0.0,14916.17,46.55,2.45,1577.55,0.0,-38290.91,30362.719999999998,11558.92,3630.73,,EMT income (Checking +$1600.00); food (Credit -$20.00)
36,20241123,3630.73,745.0,10833.92,15400.0,0.0,14916.17,49.0,2.45,0.0,22.45,-38313.36,30365.17,11578.92,3630.73,,food (Credit -$20.00)
37,20241124,3630.73,765.0,10833.92,15400.0,0.0,14916.17,51.45,2.45,0.0,22.45,-38335.810000000005,30367.62,11598.92,3630.73,,food (Credit -$20.00)
38,20241125,3630.73,785.0,10833.92,15400.0,0.0,14916.17,53.9,2.45,0.0,22.45,-38358.26,30370.07,11618.92,3630.73,,food (Credit -$20.00)
39,20241126,3630.73,805.0,10833.92,15400.0,0.0,14916.17,56.35,2.45,0.0,22.45,-38380.71,30372.519999999997,11638.92,3630.73,,food (Credit -$20.00)
40,20241127,3630.73,825.0,10833.92,15400.0,0.0,14916.17,58.8,2.45,0.0,22.45,-38403.16,30374.969999999998,11658.92,3630.73,,food (Credit -$20.00)
41,20241128,3630.73,845.0,10833.92,15400.0,0.0,14916.17,61.25,2.45,0.0,22.45,-38425.61,30377.42,11678.92,3630.73,,food (Credit -$20.00)
42,20241129,3630.73,865.0,10833.92,15400.0,0.0,14916.17,63.7,2.45,0.0,22.45,-38448.060000000005,30379.87,11698.92,3630.73,,food (Credit -$20.00)
43,20241130,3630.73,885.0,10833.92,15400.0,0.0,14916.17,66.15,2.45,0.0,22.45,-38470.51,30382.32,11718.92,3630.73,,food (Credit -$20.00)
44,20241201,3130.73,1005.0,10833.92,14900.0,0.0,14916.17,68.6,2.45,0.0,122.45,-38592.96,29884.769999999997,11838.92,3130.73, LOAN MIN PAYMENT (Dad: Principal Balance -$500.00);  LOAN MIN PAYMENT (Checking -$500.00); ,storage unit rent (Credit -$100.00); food (Credit -$20.00)
45,20241202,3130.73,1115.0,10833.92,14900.0,0.0,14916.17,71.05,2.45,0.0,112.45,-38705.41,29887.219999999998,11948.92,3130.73,,parking (Credit -$50.00); ai daddy (Credit -$20.00); food (Credit -$20.00); hulu (Credit -$20.00)
46,20241203,2657.54,1215.0,10833.92,14900.0,0.0,14766.48,0.0,2.45,0.0,352.45,-39057.86,29666.48,12048.92,2657.54, LOAN MIN PAYMENT (Student Loans: Interest -$73.50);  LOAN MIN PAYMENT (Student Loans: Principal Balance -$149.69);  LOAN MIN PAYMENT (Checking -$223.19); ,fake loan payment (Checking -$250.00); gas (Credit -$80.00); food (Credit -$20.00)
47,20241204,2657.54,1235.0,10833.92,14900.0,0.0,14766.48,2.43,2.43,0.0,22.43,-39080.29,29668.91,12068.92,2657.54,,food (Credit -$20.00)
48,20241205,0.0,1255.0,8176.38,14900.0,0.0,14766.48,4.86,2.43,0.0,22.43,-39102.72,29671.34,9431.380000000001,0.0,ADDTL CC PAYMENT (Checking -$2657.54); ADDTL CC PAYMENT (Credit: Prev Stmt Bal -$2657.54),food (Credit -$20.00)
49,20241206,1600.0,1275.0,8176.38,14900.0,0.0,14766.48,7.29,2.43,1577.57,0.0,-37525.15,29673.77,9451.380000000001,1600.0,,EMT income (Checking +$1600.00); food (Credit -$20.00)
50,20241207,1600.0,0,9733.11,14900.0,0.0,14766.48,9.72,264.16,0.0,284.16,-37809.31,29676.2,9733.11,1600.0,CC INTEREST (Credit: Prev Stmt Bal +$261.73); CC MIN PAYMENT ALREADY MADE (Credit: Prev Stmt Bal -$0.00); CC MIN PAYMENT ALREADY MADE (Checking -$0.00),food (Credit -$20.00)
51,20241208,1600.0,20.0,9733.11,14900.0,0.0,14766.48,12.15,2.43,0.0,22.43,-37831.740000000005,29678.63,9753.11,1600.0,,food (Credit -$20.00)
52,20241209,1600.0,40.0,9733.11,14900.0,0.0,14766.48,14.58,2.43,0.0,22.43,-37854.17,29681.06,9773.11,1600.0,,food (Credit -$20.00)
53,20241210,1600.0,60.0,9733.11,14900.0,0.0,14766.48,17.01,2.43,0.0,22.43,-37876.6,29683.489999999998,9793.11,1600.0,,food (Credit -$20.00)
54,20241211,1600.0,80.0,9733.11,14900.0,0.0,14766.48,19.44,2.43,0.0,22.43,-37899.03,29685.92,9813.11,1600.0,,food (Credit -$20.00)
55,20241212,1600.0,100.0,9733.11,14900.0,0.0,14766.48,21.87,2.43,0.0,22.43,-37921.46,29688.35,9833.11,1600.0,,food (Credit -$20.00)
56,20241213,1600.0,120.0,9733.11,14900.0,0.0,14766.48,24.3,2.43,0.0,22.43,-37943.89,29690.78,9853.11,1600.0,,food (Credit -$20.00)
57,20241214,1600.0,140.0,9733.11,14900.0,0.0,14766.48,26.73,2.43,0.0,22.43,-37966.32,29693.21,9873.11,1600.0,,food (Credit -$20.00)
58,20241215,1600.0,160.0,9733.11,14900.0,0.0,14766.48,29.16,2.43,0.0,22.43,-37988.75,29695.64,9893.11,1600.0,,food (Credit -$20.00)
59,20241216,1600.0,180.0,9733.11,14900.0,0.0,14766.48,31.59,2.43,0.0,22.43,-38011.18,29698.07,9913.11,1600.0,,food (Credit -$20.00)
60,20241217,1600.0,280.0,9733.11,14900.0,0.0,14766.48,34.02,2.43,0.0,102.43,-38113.61,29700.5,10013.11,1600.0,,gas (Credit -$80.00); food (Credit -$20.00)
61,20241218,1600.0,550.0,9733.11,14900.0,0.0,14766.48,36.45,2.43,0.0,272.43,-38386.04,29702.93,10283.11,1600.0,,phone (Credit -$250.00); food (Credit -$20.00)
62,20241219,1600.0,570.0,9733.11,14900.0,0.0,14766.48,38.88,2.43,0.0,22.43,-38408.47,29705.36,10303.11,1600.0,,food (Credit -$20.00)
63,20241220,3200.0,685.0,9733.11,14900.0,0.0,14766.48,41.31,2.43,1482.57,0.0,-36925.9,29707.79,10418.11,3200.0,,EMT income (Checking +$1600.00); car insurance (Credit -$95.00); food (Credit -$20.00)
64,20241221,3200.0,705.0,9733.11,14900.0,0.0,14766.48,43.74,2.43,0.0,22.43,-36948.33,29710.22,10438.11,3200.0,,food (Credit -$20.00)
65,20241222,3200.0,725.0,9733.11,14900.0,0.0,14766.48,46.17,2.43,0.0,22.43,-36970.759999999995,29712.649999999998,10458.11,3200.0,,food (Credit -$20.00)
66,20241223,3200.0,745.0,9733.11,14900.0,0.0,14766.48,48.6,2.43,0.0,22.43,-36993.19,29715.079999999998,10478.11,3200.0,,food (Credit -$20.00)
67,20241224,3200.0,765.0,9733.11,14900.0,0.0,14766.48,51.03,2.43,0.0,22.43,-37015.619999999995,29717.51,10498.11,3200.0,,food (Credit -$20.00)
68,20241225,3200.0,785.0,9733.11,14900.0,0.0,14766.48,53.46,2.43,0.0,22.43,-37038.05,29719.94,10518.11,3200.0,,food (Credit -$20.00)
69,20241226,3200.0,805.0,9733.11,14900.0,0.0,14766.48,55.89,2.43,0.0,22.43,-37060.479999999996,29722.37,10538.11,3200.0,,food (Credit -$20.00)
70,20241227,3200.0,825.0,9733.11,14900.0,0.0,14766.48,58.32,2.43,0.0,22.43,-37082.91,29724.8,10558.11,3200.0,,food (Credit -$20.00)
71,20241228,3200.0,845.0,9733.11,14900.0,0.0,14766.48,60.75,2.43,0.0,22.43,-37105.34,29727.23,10578.11,3200.0,,food (Credit -$20.00)
72,20241229,3200.0,865.0,9733.11,14900.0,0.0,14766.48,63.18,2.43,0.0,22.43,-37127.770000000004,29729.66,10598.11,3200.0,,food (Credit -$20.00)
73,20241230,3200.0,885.0,9733.11,14900.0,0.0,14766.48,65.61,2.43,0.0,22.43,-37150.2,29732.09,10618.11,3200.0,,food (Credit -$20.00)
74,20241231,3200.0,985.0,9733.11,14900.0,0.0,14766.48,68.04,2.43,0.0,102.43,-37252.630000000005,29734.52,10718.11,3200.0,,gas (Credit -$80.00); food (Credit -$20.00)
75,20250101,2700.0,1105.0,9733.11,14400.0,0.0,14766.48,70.47,2.43,0.0,122.43,-37375.06,29236.95,10838.11,2700.0, LOAN MIN PAYMENT (Dad: Principal Balance -$500.00);  LOAN MIN PAYMENT (Checking -$500.00); ,storage unit rent (Credit -$100.00); food (Credit -$20.00)
76,20250102,2700.0,1215.0,9733.11,14400.0,0.0,14766.48,72.9,2.43,0.0,112.43,-37487.490000000005,29239.38,10948.11,2700.0,,parking (Credit -$50.00); ai daddy (Credit -$20.00); hulu (Credit -$20.00); food (Credit -$20.00)
77,20250103,3826.81,1235.0,9733.11,14400.0,0.0,14618.62,0.0,2.43,1327.57,0.0,-36159.92,29018.620000000003,10968.11,3826.81, LOAN MIN PAYMENT (Student Loans: Interest -$75.33);  LOAN MIN PAYMENT (Student Loans: Principal Balance -$147.86);  LOAN MIN PAYMENT (Checking -$223.19); ,EMT income (Checking +$1600.00); fake loan payment (Checking -$250.00); food (Credit -$20.00)
78,20250104,3826.81,1255.0,9733.11,14400.0,0.0,14618.62,2.4,2.4,0.0,22.4,-36182.32000000001,29021.020000000004,10988.11,3826.81,,food (Credit -$20.00)
